Input 1:

Output 1:
211

Input 2:


Output 2:
256

Input 3:
1
177 500
1 20 102
2 7 156
2 60 19
2 149 60
2 176 128
3 66 10
3 106 61
3 173 46
4 33 43
4 156 196
5 153 153
6 6 159
6 172 69
7 17 189
7 35 153
8 52 180
8 118 33
8 131 131
9 9 111
9 25 64
9 34 64
9 42 186
9 87 44
9 106 110
9 112 23
9 156 84
10 24 176
10 35 16
10 100 55
10 163 145
11 54 62
11 92 157
11 93 52
11 102 80
12 19 16
12 40 179
12 91 41
12 111 28
13 63 176
13 85 36
13 146 175
14 6 80
14 64 194
14 109 43
14 173 69
15 112 98
15 113 23
16 19 53
16 67 180
16 97 133
18 60 117
18 79 43
18 88 70
18 175 160
19 61 152
19 80 92
19 91 196
20 23 127
20 37 60
20 55 50
20 64 23
20 80 121
20 175 158
21 36 74
21 49 152
21 80 125
22 46 53
22 64 144
23 52 153
23 69 180
24 74 179
25 4 127
25 31 60
25 43 124
25 57 170
26 120 80
26 128 174
26 145 192
27 5 132
28 47 153
28 102 76
28 107 48
28 115 196
29 7 146
29 49 160
29 57 99
29 173 189
30 19 155
31 52 178
31 61 48
31 87 156
31 175 200
32 33 120
32 148 114
32 162 26
33 16 71
33 74 38
33 123 30
34 122 167
34 146 190
35 74 9
35 76 145
35 82 69
35 100 68
35 176 21
36 16 38
36 33 147
36 44 146
37 23 181
37 54 31
37 170 98
38 71 56
38 113 78
40 27 45
40 35 153
41 31 189
41 113 96
41 122 142
42 71 143
42 95 73
42 124 189
42 128 51
43 7 24
43 71 109
43 74 164
43 164 49
44 34 131
44 139 153
44 151 78
44 158 97
45 8 143
45 37 39
45 61 194
46 2 11
46 26 106
46 40 166
47 6 200
47 57 5
47 87 111
47 113 132
47 123 187
48 3 8
48 138 187
49 53 64
49 142 5
50 6 92
50 7 5
50 59 100
50 91 33
50 101 147
50 138 124
51 82 173
51 112 149
51 127 99
53 45 33
53 51 64
53 94 100
54 31 164
54 69 17
55 99 177
56 2 12
56 18 111
56 38 167
56 41 5
56 49 73
56 57 73
56 68 170
56 81 72
57 143 29
58 45 32
58 94 3
58 104 15
58 158 192
59 57 141
59 95 30
60 85 196
61 48 32
61 65 34
61 100 47
61 159 16
62 34 133
62 145 122
63 13 189
63 99 33
63 120 20
64 14 21
64 90 97
64 98 119
64 103 136
65 25 113
65 67 48
65 119 148
66 9 23
66 153 14
67 110 104
67 125 95
68 54 38
68 111 26
69 84 118
69 105 18
69 133 57
69 170 120
71 41 184
71 50 48
71 135 12
72 22 166
72 37 195
72 58 44
72 63 199
72 69 41
72 85 11
73 27 83
74 49 162
74 55 199
75 36 116
75 100 134
75 170 172
75 176 12
76 60 52
76 163 107
77 44 124
77 68 51
77 92 6
77 111 98
79 164 17
80 142 110
80 176 192
81 55 54
81 76 135
81 129 61
82 57 24
82 108 143
82 176 180
83 110 7
83 128 191
83 173 143
84 70 172
84 164 137
84 168 138
84 172 123
85 65 178
85 141 149
86 5 157
86 105 91
87 14 99
88 20 24
88 79 24
88 80 70
88 122 35
88 137 28
89 30 177
89 89 110
89 142 78
89 171 182
90 58 159
90 127 94
90 128 43
90 161 102
92 32 100
92 133 129
92 161 162
93 25 75
93 94 72
94 121 93
94 143 81
95 78 14
95 110 36
96 13 5
96 42 150
96 82 173
96 127 79
96 156 127
97 79 73
97 85 35
97 121 18
97 165 172
98 2 11
98 22 193
98 54 41
99 25 45
99 50 20
99 71 169
99 81 107
99 140 50
100 13 103
100 21 17
100 92 95
100 133 97
101 73 119
101 147 146
102 43 26
103 45 80
103 47 20
103 168 97
105 12 173
105 14 53
105 167 110
106 33 8
106 63 57
106 110 59
106 142 132
106 154 87
107 109 138
107 155 157
108 17 73
108 60 107
108 125 128
109 43 83
109 65 99
109 104 120
109 115 80
109 165 71
110 17 41
110 20 138
110 70 120
111 35 95
111 54 154
112 139 14
113 3 191
114 60 72
114 169 160
115 118 16
116 39 152
116 61 179
116 137 112
116 157 76
117 14 31
117 128 21
117 132 35
117 163 39
118 109 32
119 31 118
119 38 77
119 162 169
120 96 74
120 120 150
120 171 75
121 83 153
121 119 184
122 38 125
122 120 73
122 144 15
122 146 195
123 20 113
123 60 152
123 87 114
123 94 7
123 119 58
123 142 80
125 10 149
125 49 129
125 108 39
126 11 165
126 80 32
126 132 169
126 160 76
127 56 59
127 168 152
128 28 49
128 104 93
128 134 142
129 49 32
129 94 11
129 160 171
129 171 152
130 17 36
130 25 120
130 119 178
130 141 189
131 6 55
131 37 102
131 61 13
132 15 70
132 84 49
132 89 125
132 92 173
132 95 162
132 135 83
133 15 30
133 61 193
133 70 31
133 148 111
134 4 183
134 98 147
135 6 94
135 19 152
135 58 23
135 134 153
136 10 55
136 90 23
136 98 45
136 128 148
136 160 6
137 69 7
137 125 118
138 118 157
138 170 195
139 16 189
139 21 134
139 30 183
139 60 44
139 152 35
140 39 195
140 117 65
141 17 83
141 80 71
141 104 189
141 113 197
141 139 105
141 159 19
142 125 141
143 29 87
143 77 81
143 128 124
143 153 34
144 28 174
144 64 27
145 141 8
145 170 126
146 75 81
146 89 182
146 104 123
147 60 28
147 87 187
147 140 129
147 165 98
147 173 143
148 10 123
148 66 86
148 86 76
148 112 57
149 111 81
149 146 62
149 155 3
150 30 145
151 2 97
151 63 73
151 77 86
151 103 93
151 139 129
152 132 104
152 141 33
152 166 16
153 28 184
154 139 108
154 173 1
155 28 157
155 91 134
155 117 8
155 119 35
155 171 166
156 46 189
156 63 157
156 112 146
157 58 175
158 53 85
158 91 43
158 146 69
159 65 160
159 68 128
159 76 144
159 97 168
159 175 9
160 80 5
161 174 171
162 75 105
162 130 101
162 158 195
163 94 190
163 162 145
164 2 124
164 99 45
164 152 130
165 132 139
165 148 180
166 38 37
166 73 139
166 87 89
166 144 123
167 120 98
167 147 123
168 52 88
169 44 86
169 137 79
169 142 33
170 13 12
170 97 115
173 36 75
173 40 80
173 49 26
174 70 155
175 36 175
175 78 194
175 101 115
175 128 131
175 139 116
175 176 19
176 83 32
176 90 110
176 119 161
150 150 150

Output 3:
0